0 0.312500 0.224306 0.028125 0.062500
0 0.344922 0.329167 0.033594 0.044444
0 0.361328 0.445833 0.028906 0.041667
0 0.353906 0.499306 0.032812 0.051389
0 0.489062 0.529167 0.015625 0.030556
0 0.200000 0.640278 0.015625 0.038889
0 0.117188 0.018750 0.009375 0.018056
0 0.302344 0.168750 0.018750 0.031944
0 0.343750 0.035417 0.014062 0.045833
0 0.355859 0.040278 0.016406 0.030556
0 0.475000 0.033333 0.015625 0.027778
0 0.833203 0.026389 0.013281 0.036111
0 0.594922 0.370139 0.022656 0.026389
0 0.575781 0.434722 0.014062 0.033333
0 0.546094 0.459722 0.018750 0.055556
0 0.578516 0.473611 0.011719 0.030556
0 0.433594 0.877083 0.021875 0.037500
0 0.583203 0.706944 0.024219 0.044444
