0 0.646094 0.393750 0.031250 0.062500
0 0.333203 0.684722 0.022656 0.055556
0 0.336719 0.022222 0.031250 0.030556
0 0.339063 0.404167 0.023438 0.041667
0 0.342969 0.489583 0.021875 0.029167
0 0.332812 0.309028 0.021875 0.037500
0 0.302344 0.207639 0.017188 0.029167
0 0.292969 0.168750 0.020312 0.037500
0 0.110547 0.195833 0.014844 0.027778
0 0.124609 0.699306 0.025781 0.040278
0 0.480469 0.636111 0.010937 0.030556
0 0.527344 0.479167 0.021875 0.041667
0 0.561328 0.484028 0.014844 0.034722
0 0.568750 0.444444 0.017188 0.027778
0 0.388281 0.125000 0.023438 0.044444
0 0.407031 0.046528 0.021875 0.051389
