0 0.310156 0.220833 0.017188 0.036111
0 0.301172 0.182639 0.016406 0.026389
0 0.353516 0.047917 0.013281 0.034722
0 0.342187 0.038889 0.010937 0.022222
0 0.114844 0.015972 0.012500 0.029167
0 0.203516 0.645833 0.016406 0.033333
0 0.363281 0.445139 0.012500 0.026389
0 0.355469 0.459722 0.014062 0.025000
0 0.349219 0.499306 0.021875 0.029167
0 0.345313 0.322222 0.018750 0.041667
0 0.476172 0.468750 0.013281 0.043056
0 0.481250 0.547917 0.017188 0.043056
0 0.547266 0.755556 0.024219 0.052778
0 0.575781 0.442361 0.012500 0.020833
0 0.576172 0.477778 0.010156 0.036111
0 0.593750 0.377778 0.023438 0.030556
0 0.832031 0.037500 0.010937 0.025000
0 0.475000 0.042361 0.020312 0.029167
