0 0.116016 0.194444 0.017969 0.038889
0 0.122656 0.686806 0.014062 0.031944
0 0.333984 0.663194 0.017969 0.037500
0 0.339063 0.481944 0.012500 0.030556
0 0.360156 0.422917 0.021875 0.043056
0 0.335938 0.304861 0.018750 0.040278
0 0.333594 0.013889 0.017188 0.027778
0 0.289453 0.159722 0.016406 0.041667
0 0.300000 0.197222 0.017188 0.033333
0 0.405469 0.159028 0.020312 0.031944
0 0.438281 0.063194 0.020312 0.037500
0 0.495703 0.512500 0.019531 0.033333
0 0.566016 0.431250 0.013281 0.031944
0 0.566016 0.479861 0.016406 0.034722
0 0.551172 0.715278 0.011719 0.027778
0 0.630859 0.393056 0.027344 0.050000
