0 0.342187 0.024306 0.021875 0.048611
0 0.580469 0.427778 0.028125 0.047222
0 0.408594 0.150694 0.026563 0.040278
0 0.293359 0.175000 0.017969 0.038889
0 0.305859 0.204861 0.014844 0.029167
0 0.109375 0.205556 0.017188 0.030556
0 0.048047 0.013889 0.021094 0.025000
0 0.119141 0.686806 0.016406 0.034722
0 0.439844 0.611806 0.012500 0.040278
0 0.343750 0.493056 0.020312 0.033333
0 0.347656 0.406250 0.026563 0.043056
0 0.328516 0.313889 0.014844 0.036111
0 0.535547 0.532639 0.017969 0.037500
0 0.568750 0.493056 0.014062 0.030556
0 0.655469 0.354167 0.015625 0.033333
0 0.843359 0.013889 0.017969 0.022222
