0 0.837109 0.036111 0.022656 0.055556
0 0.278125 0.177083 0.017188 0.037500
0 0.089453 0.213889 0.017969 0.025000
0 0.033594 0.029167 0.015625 0.033333
0 0.094141 0.702083 0.021094 0.037500
0 0.325391 0.508333 0.016406 0.038889
0 0.377344 0.556944 0.017188 0.036111
0 0.335547 0.429167 0.017969 0.022222
0 0.337891 0.452778 0.017969 0.036111
0 0.304297 0.310417 0.017969 0.045833
0 0.289063 0.204861 0.015625 0.029167
0 0.322656 0.027083 0.017188 0.026389
0 0.404297 0.076389 0.022656 0.047222
0 0.489062 0.463194 0.020312 0.031944
0 0.558594 0.500694 0.012500 0.026389
0 0.574609 0.440278 0.010156 0.025000
0 0.647656 0.390278 0.023438 0.044444
