0 0.182031 0.129167 0.018750 0.030556
0 0.308594 0.148611 0.015625 0.030556
0 0.318359 0.186806 0.016406 0.031944
0 0.346484 0.288194 0.016406 0.034722
0 0.369141 0.410417 0.019531 0.045833
0 0.357422 0.426389 0.011719 0.036111
0 0.353125 0.464583 0.014062 0.034722
0 0.193750 0.621528 0.017188 0.040278
0 0.438281 0.365972 0.023438 0.045833
0 0.496875 0.065972 0.014062 0.031944
0 0.604688 0.325000 0.017188 0.036111
0 0.581250 0.406250 0.010937 0.031944
0 0.581641 0.453472 0.014844 0.031944
0 0.489844 0.598611 0.010937 0.033333
0 0.549219 0.688889 0.018750 0.036111
