0 0.471875 0.412500 0.021875 0.052778
0 0.159375 0.680556 0.020312 0.044444
0 0.277344 0.908333 0.025000 0.047222
0 0.144922 0.179167 0.017969 0.041667
0 0.290625 0.175000 0.020312 0.036111
0 0.302344 0.212500 0.018750 0.044444
0 0.336328 0.318056 0.024219 0.058333
0 0.337891 0.500694 0.022656 0.037500
0 0.356641 0.440278 0.022656 0.050000
0 0.369922 0.133333 0.024219 0.047222
0 0.340625 0.027083 0.015625 0.040278
0 0.465625 0.467361 0.021875 0.034722
0 0.564453 0.446528 0.016406 0.037500
0 0.564062 0.493750 0.014062 0.031944
0 0.625391 0.397917 0.027344 0.034722
