0 0.616406 0.421528 0.028125 0.056944
0 0.348828 0.647222 0.022656 0.038889
0 0.159375 0.668750 0.020312 0.045833
0 0.146875 0.161806 0.021875 0.043056
0 0.341016 0.029861 0.016406 0.031944
0 0.287500 0.170139 0.023438 0.040278
0 0.296875 0.209028 0.020312 0.037500
0 0.331641 0.313889 0.022656 0.047222
0 0.352344 0.434722 0.023438 0.044444
0 0.339453 0.495139 0.022656 0.037500
0 0.416797 0.390278 0.016406 0.044444
0 0.348828 0.904861 0.019531 0.031944
0 0.407031 0.961806 0.018750 0.031944
0 0.496875 0.592361 0.017188 0.040278
0 0.565234 0.445833 0.019531 0.041667
0 0.566797 0.489583 0.016406 0.023611
