0 0.485938 0.515972 0.023438 0.043056
0 0.457031 0.446528 0.023438 0.048611
0 0.352344 0.308333 0.025000 0.061111
0 0.556641 0.747222 0.019531 0.055556
0 0.439453 0.859722 0.013281 0.036111
0 0.203516 0.629167 0.016406 0.044444
0 0.309766 0.154861 0.021094 0.040278
0 0.318750 0.202778 0.017188 0.025000
0 0.349609 0.022917 0.013281 0.031944
0 0.363672 0.023611 0.016406 0.027778
0 0.477734 0.076389 0.021094 0.036111
0 0.502344 0.076389 0.014062 0.027778
0 0.580469 0.420139 0.017188 0.034722
0 0.581250 0.450000 0.014062 0.025000
0 0.600781 0.343750 0.026563 0.037500
0 0.371875 0.619444 0.017188 0.025000
0 0.372266 0.429167 0.008594 0.044444
0 0.363281 0.425000 0.010937 0.033333
0 0.356250 0.473611 0.014062 0.030556
