0 0.570313 0.467361 0.015625 0.031944
0 0.517578 0.495833 0.016406 0.047222
0 0.429297 0.031250 0.016406 0.034722
0 0.029297 0.052083 0.019531 0.037500
0 0.081641 0.700694 0.017969 0.031944
0 0.319922 0.521528 0.016406 0.026389
0 0.294922 0.445139 0.010156 0.029167
0 0.316406 0.471528 0.014062 0.026389
0 0.325391 0.454861 0.016406 0.040278
0 0.289063 0.320833 0.015625 0.027778
0 0.271094 0.186111 0.018750 0.033333
0 0.279297 0.227083 0.014844 0.026389
0 0.308984 0.034028 0.016406 0.031944
0 0.560156 0.518750 0.017188 0.031944
0 0.638672 0.429167 0.019531 0.033333
0 0.832812 0.047917 0.010937 0.020833
0 0.073047 0.225694 0.016406 0.034722
0 0.282813 0.757639 0.012500 0.026389
