0 0.493359 0.445139 0.019531 0.051389
0 0.567969 0.430556 0.014062 0.033333
0 0.570313 0.471528 0.014062 0.040278
0 0.633203 0.427778 0.025781 0.044444
0 0.463672 0.140972 0.021094 0.043056
0 0.454688 0.313194 0.023438 0.034722
0 0.348047 0.487500 0.022656 0.041667
0 0.359766 0.419444 0.019531 0.044444
0 0.339844 0.297222 0.025000 0.044444
0 0.310156 0.202083 0.020312 0.037500
0 0.296484 0.161806 0.013281 0.031944
0 0.146484 0.167361 0.010156 0.029167
0 0.151953 0.674306 0.017969 0.029167
0 0.342969 0.017361 0.014062 0.031944
